0.051
0.025
0.025
0.023
0.023
0.024
0.027
0.038
0.046
0.024
0.024
0.024
0.027
0.024
0.041
0.024
0.033
0.024
0.024
0.023
0.024
0.029
0.03
0.03
0.024
0.024
0.023
0.024
0.024
0.028
0.025
0.041
0.026
0.024
0.025
0.023
0.025
0.029
0.031
0.024
0.024
0.027
0.03
0.024
0.028
0.028
0.029
0.045
0.024
0.024
0.041
0.032
0.045
0.024
0.024
0.024
0.023
0.024
0.031
0.046
0.023
0.024
0.023
0.025
0.025
0.037
0.028
0.024
0.04
0.024
0.024
0.025
0.031
0.029
0.024
0.026
0.027
0.024
0.032
0.03
0.029
0.024
0.023
0.026
0.024
0.023
0.025
0.029
0.034
0.03
0.024
0.024
0.025
0.025
0.026
0.031
0.047
0.026
0.023
0.023
